14170984
7172470
8466051
11270100
6635199
7273536
8379668
6595857
7511762
7316874
6725772
8036420
11486171
8623308
7718789
8483986
6549001
5889333
5834412
8588018
9787796
6748732
6896470
6684605
7587419
7295089
6505959
6386697
7386436
6270061
5880717
6214681
7637713
5690537
7188559
6859476
8810783
7214425
5960348
6101892
7872979
5674503
5715225
5549929
7345852
6016077
5773960
7299004
7109490
5843224
6026542
6151934
9790179
6455535
5901371
6243371
6135020
7247292
6884441
7614671
5897458
8665342
6415613
5833561
6332641
6975278
6494619
6458112
8279394
6431319
6875977
6228138
7357634
7106978
8057285
7967558
5890514
7443986
7699976
7413690
7379864
6223001
6602584
5918666
7583575
7509901
8190015
6884818
7868912
6956351
7860894
7134893
5904999
5716837
7471513
8797229
5825197
7649891
8648660
8510727
7655958
6875483
7582626
6012423
7362331
5668193
6280094
7380249
6281161
9553368
7942706
10241769
7654375
7178454
6720764
7806125
7386366
10750397
6999601
6202340
7196112
5777461
6939986
6027394
7125816
7501573
7408042
5964279
8070747
6119534
6024331
6461227
7029558
9182007
6611650
5689657
6424967
5755135
5890980
6105854
7760622
5678469
6953289
6998025
6060529
7036410
7241826
7250558
6028146
6494682
6827367
8329113
6608677
8524705
7203944
7437083
5752096
6861928
7755883
8525990
6469056
6149148
5715703
8686967
7490269
7317762
8632741
6001928
6920069
7267100
8097626
8311346
8250043
7848146
8007276
6443910
7388847
6899412
7681057
5766055
7403599
7014472
9080628
6670876
7456307
8299285
6656387
6387867
10875367
5994666
7728329
8164251
7322701
6257723
5755458
6174830
6005033
5940182
8519414
6013878
8406953
6441971
5659934
7341047
7778069
7133130
6186440
7442416
6333790
6789066
9305430
8230256
7034042
7422794
5626842
6986433
7422107
6211190
8086472
6032292
8418044
7432066
7867548
7321495
6901995
6289323
7401554
6587509
6448350
8208261
6274534
8841807
5939194
7050383
5683244
7652345
5914171
5778061
5814790
7386838
7654614
5815185
8495303
5789109
7601933
6955513
8318385
6453281
7906094
5907616
6177797
8068902
7303470
6096364
6863361
8923263
8271766
8130762
6946062
6462718
8925638
7389804
7824992
7214614
6292280
8062061
7592522
8147382
7356962
7565805
7922523
7645498
7888857
6178748
7904421
6172535
7813688
8164649
9310203
7372883
7228006
6744911
7494285
8208263
6266223
6199412
5728499
7371761
6893029
7661313
7677809
7509363
8079556
7316435
5796868
5665775
7123959
6303442
7427525
8279488
7400095
5849728
9996292
7254892
7028745
8118958
6450144
8806873
7018124
5689978
5891064
6902629
7163525
9157598
7453297
8688531
7504723
7346045
7129779
7690040
7935728
6181151
8110584
8230233
7385912
7387246
7957642
5963944
6903652
6959569
5966058
8187710
7162375
6003638
7118641
6954168
8663701
8166026
6894939
7675880
5898447
7004385
7428650
6002369
6745647
7479583
6896137
8285766
7192854
6662654
6918722
7319675
6949588
7781942
9523034
8063992
7398633
6561904
8462928
8831517
5972746
6638357
6228863
7183183
7322183
5752429
5833923
5685239
7589860
6212548
7186407
5983150
6724696
6549216
8304010
7576540
7459095
6833063
6849110
7132390
6643077
8080467
7666690
5626626
5725742
6755836
8029157
6074066
6686244
7824140
7370655
7003531
6879512
9317130
6796217
7461932
8514933
7944523
5568592
5887604
6018515
7072107
7844947
8869524
7387130
6898488
8271895
6058829
7905547
7384195
6456034
6323582
7468543
7729523
6055326
6998683
6384525
6997844
5775171
5756105
5966282
6209631
6975178
6553748
6332199
5867405
7208995
7426839
7570472
5946902
8347335
6379927
7075248
7723973
6101501
5740625
5794585
6346359
6045072
6472547
8968335
5669002
7139704
7420994
8786082
6988101
7867114
8132690
7797446
7287104
7176840
6619669
6056945
6175524
8086166
7171589
6637241
6570160
7384915
6139108
7948411
6353080
5767428
6491900
6491997
6986902
6175249
10840506
6805222
6231966
7699479
8979999
